0.70
0.156
0.692
0.55
0.450
0.833
0.203
0.468
0.904
0.399
0.696
0.171
0.563
0.12
0.471
0.775
0.280
0.610
0.82
0.562
0.60
0.550
0.21
0.518
0.994
0.418
0.919
0.371
0.751
0.239
0.622
0.123
0.612
0.113
0.610
0.39
0.492
0.961
0.456
0.968
0.429
0.860
0.379
0.743
0.211
0.599
0.91
0.567
0.29
0.431
0.912
0.369
0.714
0.76
0.519
0.964
0.443
0.963
0.459
0.946
0.446
0.952
0.443
0.941
0.445
0.945
0.450
0.948
0.445
0.933
0.450
0.256
0.220
0.433
0.647
0.897
0.148
0.186
0.445
0.707
0.959
0.89
0.210
0.479
0.706
0.953
0.103
0.261
0.507
0.768
0.18
0.986
0.136
0.256
0.497
0.762
0.19
0.96
0.222
0.470
0.711
0.962
0.115
0.274
0.514
0.740
0.990
0.175
0.417
0.650
0.922
0.87
0.215
0.430
0.673
0.947
0.99
0.223
0.449
0.727
0.975
0.123
0.257
0.475
0.731
0.908
0.137
0.414
0.691
0.946
0.87
0.200
0.446
0.674
0.906
0.62
0.173
0.409
0.567
0.826
0.19
0.165
0.399
0.673
0.937
0.101
0.227
0.495
0.769
0.22
0.143
0.415
0.642
0.900
0.119
0.252
0.517
0.782
0.20
0.153
0.406
0.645
0.876
0.117
0.381
0.653
0.906
0.150
0.407
0.680
0.933
0.67
0.149
0.425
0.681
0.929
0.106
0.276
0.535
0.777
0.43
0.187
0.423
0.670
0.870
0.140
0.391
0.654
0.872
0.143
0.389
0.629
0.866
0.147
0.403
0.664
0.884
0.135
0.392
0.642
0.878
0.124
0.403
0.655
0.897
0.152
0.283
0.550
0.796
0.70
0.215
0.475
0.716
0.934
0.98
0.238
0.470
0.726
0.995
0.152
0.378
0.624
0.870
0.135
0.224
0.465
0.706
0.970
0.130
0.385
0.648
0.854
0.85
0.203
0.458
0.740
0.990
0.136
0.386
0.649
0.885
0.151
0.395
0.669
0.925
0.70
0.224
0.511
0.770
0.23
0.165
0.439
0.700
0.905
0.156
0.366
0.626
0.846
0.77
0.222
0.485
0.731
0.970
0.152
0.423
0.683
0.925
0.89
0.272
0.524
0.752
0.16
0.167
0.443
0.703
0.975
0.145
0.416
0.667
0.866
0.125
0.393
0.644
0.921
0.82
0.223
0.465
0.696
0.952
0.125
0.370
0.646
0.917
0.97
0.232
0.498
0.774
0.46
0.173
0.423
0.689
0.919
0.80
0.219
0.484
0.559
0.286
0.468
0.434
0.282
0.506
0.721
0.958
0.110
0.273
0.528
0.758
0.25
0.177
0.454
0.693
0.977
0.148
0.425
0.652
0.895
0.159
0.427
0.660
0.905
0.81
0.232
0.474
0.746
0.18
0.169
0.412
0.663
0.918
0.156
0.404
0.664
0.925
0.104
0.251
0.491
0.737
0.17
0.139
0.391
0.647
0.859
0.101
0.246
0.502
0.771
0.40
0.162
0.422
0.696
0.972
0.113
0.266
0.548
0.815
0.81
0.205
0.484
0.758
0.18
0.141
0.428
0.692
0.948
0.87
0.226
0.500
0.784
0.46
0.193
0.467
0.710
0.959
0.123
0.382
0.639
0.890
0.163
0.448
0.709
0.944
0.101
0.261
0.532
0.741
0.1
0.100
0.236
0.482
0.743
0.15
0.193
0.444
0.686
0.952
0.123
0.374
0.616
0.826
0.108
0.247
0.479
0.741
0.10
0.157
0.386
0.629
0.906
0.123
0.381
0.644
0.925
0.90
0.223
0.486
0.767
0.15
0.59
0.192
0.493
0.736
0.996
0.136
0.401
0.656
0.916
0.68
0.225
0.479
0.727
0.967
0.150
0.422
0.689
0.937
0.112
0.272
0.530
0.771
0.990
0.166
0.425
0.671
0.932
0.107
0.378
0.616
0.899
0.74
0.224
0.446
0.164
0.832
0.459
0.134
0.793
0.452
0.148
0.818
0.507
0.218
0.892
0.580
0.273
0.899
0.589
0.259
0.903
0.585
0.258
0.895
0.601
0.293
0.937
0.628
0.323
0.20
0.697
0.404
0.110
0.788
0.492
0.187
0.858
0.548
0.236
0.902
0.606
0.318
0.25
0.657
0.359
0.59
0.717
0.396
0.94
0.762
0.457
0.157
0.828
0.527
0.219
0.878
0.562
0.258
0.905
0.600
0.297
0.953
0.655
0.356
0.51
0.708
0.375
0.62
0.727
0.429
0.133
0.817
0.510
0.207
0.878
0.576
0.270
0.922
0.624
0.329
0.39
0.679
0.378
0.72
0.716
0.411
0.98
0.751
0.456
0.160
0.848
0.550
0.255
0.900
0.580
0.271
0.919
0.611
0.301
0.968
0.667
0.366
0.59
0.682
0.370
0.66
0.722
0.424
0.122
0.803
0.509
0.205
0.875
0.572
0.259
0.912
0.614
0.312
0.969
0.674
0.372
0.79
0.736
0.418
0.100
0.755
0.453
0.156
0.837
0.543
0.235
0.904
0.568
0.261
0.909
0.604
0.305
0.961
0.675
0.384
0.76
0.737
0.425
0.117
0.789
0.482
0.183
0.859
0.567
0.266
0.903
0.611
0.293
0.947
0.645
0.349
0.48
0.700
0.385
0.83
0.740
0.437
0.129
0.785
0.479
0.172
0.844
0.541
0.242
0.891
0.591
0.285
0.928
0.622
0.327
0.26
0.691
0.389
0.90
0.747
0.442
0.136
0.802
0.494
0.198
0.880
0.582
0.280
0.937
0.630
0.324
0.948
0.633
0.331
0.25
0.691
0.385
0.84
0.725
0.416
0.110
0.771
0.467
0.151
0.835
0.536
0.248
0.908
0.600
0.302
0.957
0.648
0.343
0.39
0.686
0.390
0.83
0.746
0.441
0.134
0.783
0.469
0.160
0.832
0.527
0.236
0.889
0.592
0.283
0.937
0.629
0.320
0.20
0.663
0.368
0.79
0.725
0.421
0.102
0.370
0.900
0.572
0.266
0.908
0.593
0.286
0.940
0.639
0.340
0.31
0.673
0.367
0.59
0.712
0.398
0.92
0.755
0.395
0.91
0.744
0.444
0.139
0.802
0.483
0.173
0.842
0.538
0.246
0.903
0.605
0.291
0.943
0.630
0.314
0.949
0.642
0.338
0.33
0.707
0.403
0.103
0.751
0.444
0.139
0.814
0.512
0.210
0.881
0.575
0.274
0.927
0.615
0.306
0.937
0.629
0.327
0.17
0.687
0.385
0.79
0.736
0.417
0.114
0.783
0.479
0.176
0.849
0.552
0.249
0.901
0.590
0.288
0.935
0.627
0.319
0.971
0.676
0.386
0.77
0.705
0.382
0.77
0.715
0.413
0.118
0.794
0.491
0.186
0.836
0.517
0.206
0.868
0.558
0.255
0.911
0.616
0.317
0.16
0.678
0.366
0.52
0.717
0.415
0.110
0.789
0.478
0.175
0.842
0.540
0.234
0.905
0.601
0.302
0.962
0.659
0.365
0.60
0.719
0.415
0.106
0.767
0.464
0.157
0.836
0.540
0.248
0.902
0.587
0.285
0.933
0.625
0.288
0.939
0.642
0.341
0.38
0.707
0.403
0.101
0.765
0.413
0.115
0.783
0.486
0.184
0.863
0.557
0.253
0.890
0.577
0.274
0.931
0.630
0.333
0.27
0.691
0.395
0.71
0.723
0.411
0.97
0.767
0.469
0.177
0.857
0.560
0.253
0.904
0.587
0.282
0.934
0.631
0.327
0.26
0.675
0.365
0.52
0.710
0.399
0.90
0.744
0.441
0.121
0.782
0.474
0.170
0.819
0.501
0.185
0.848
0.540
0.245
0.904
0.608
0.300
0.951
0.637
0.328
0.14
0.678
0.372
0.82
0.747
0.445
0.139
0.800
0.490
0.184
0.849
0.544
0.238
0.906
0.606
0.299
0.953
0.635
0.323
0.16
0.668
0.372
0.56
0.718
0.410
0.105
0.770
0.458
0.148
0.812
0.491
0.192
0.867
0.565
0.249
0.896
0.576
0.266
0.900
0.597
0.294
0.954
0.637
0.345
0.45
0.698
0.382
0.67
0.703
0.399
0.98
0.762
0.468
0.179
0.851
0.543
0.228
0.893
0.588
0.279
0.932
0.617
0.314
0.971
0.641
0.325
0.999
0.682
0.370
0.69
0.731
0.427
0.129
0.799
0.481
0.169
0.831
0.508
0.203
0.880
0.579
0.287
0.938
0.633
0.313
0.957
0.642
0.333
0.32
0.696
0.402
0.102
0.774
0.471
0.159
0.821
0.510
0.190
0.851
0.550
0.252
0.908
0.597
0.283
0.926
