0.450
0.138
0.433
0.389
0.477
0.678
0.905
0.119
0.830
0.51
0.129
0.218
0.472
0.696
0.902
0.148
0.290
0.508
0.721
0.897
0.152
0.267
0.494
0.734
0.980
0.183
0.404
0.635
0.880
0.128
0.232
0.434
0.689
0.939
0.144
0.236
0.472
0.656
0.864
0.90
0.193
0.432
0.647
0.872
0.105
0.237
0.469
0.702
0.932
0.172
0.399
0.598
0.819
0.72
0.69
0.82
0.200
0.451
0.684
0.893
0.127
0.272
0.500
0.730
0.965
0.178
0.408
0.635
0.842
0.6
0.149
0.98
0.211
0.467
0.655
0.887
0.119
0.237
0.468
0.683
0.896
0.145
0.274
0.492
0.723
0.959
0.106
0.106
0.1
0.134
0.302
0.473
0.662
0.909
0.143
0.234
0.452
0.684
0.905
0.116
0.168
0.387
0.637
0.882
0.102
0.215
0.460
0.684
0.908
0.148
0.292
0.546
0.760
0.995
0.858
0.96
0.93
0.205
0.466
0.695
0.923
0.153
0.275
0.514
0.747
0.963
0.79
0.106
0.214
0.440
0.670
0.925
0.175
0.379
0.620
0.863
0.91
0.155
0.269
0.523
0.751
0.961
0.81
0.147
0.245
0.482
0.713
0.963
0.80
0.188
0.393
0.650
0.890
0.103
0.196
0.438
0.676
0.907
0.160
0.249
0.494
0.728
0.903
0.155
0.414
0.626
0.852
0.97
0.226
0.458
0.667
0.887
0.127
0.257
0.490
0.713
0.943
0.173
0.399
0.630
0.862
0.88
0.195
0.269
0.518
0.749
0.972
0.76
0.137
0.278
0.489
0.711
0.971
0.114
0.228
0.460
0.709
0.960
0.874
0.82
0.144
0.256
0.488
0.696
0.934
0.186
0.411
0.629
0.835
0.73
0.185
0.420
0.663
0.919
0.162
0.265
0.515
0.766
0.946
0.171
0.405
0.657
0.912
0.45
0.96
0.243
0.483
0.707
0.965
0.111
0.235
0.424
0.659
0.929
0.159
0.276
0.502
0.750
0.11
0.117
0.229
0.479
0.709
0.944
0.89
0.165
0.429
0.645
0.892
0.114
0.263
0.493
0.696
0.951
0.71
0.191
0.423
0.645
0.885
0.127
0.225
0.464
0.702
0.936
0.185
0.275
0.515
0.745
0.976
0.91
0.232
0.479
0.737
0.983
0.116
0.81
0.182
0.418
0.653
0.881
0.83
0.111
0.236
0.490
0.717
0.957
0.84
0.206
0.426
0.669
0.921
0.132
0.252
0.456
0.686
0.915
0.162
0.394
0.630
0.862
0.85
0.151
0.231
0.484
0.729
0.976
0.108
0.235
0.488
0.697
0.932
0.171
0.399
0.614
0.843
0.82
0.998
0.116
0.240
0.485
0.722
0.955
0.183
0.434
0.663
0.891
0.109
0.257
0.507
0.740
0.956
0.173
0.400
0.604
0.811
0.65
0.43
0.4
0.121
0.264
0.449
0.695
0.916
0.174
0.402
0.632
0.860
0.100
0.222
0.579
0.254
0.934
0.574
0.202
0.888
0.30
0.517
0.147
0.793
0.345
0.21
0.678
0.322
0.974
0.640
0.310
0.978
0.649
0.311
0.963
0.616
0.282
0.854
0.430
0.110
0.795
0.379
0.54
0.706
0.382
0.75
0.662
0.333
0.18
0.694
0.356
0.29
0.708
0.370
0.23
0.674
0.333
0.17
0.600
0.276
0.978
0.674
0.329
0.25
0.696
0.363
0.32
0.703
0.379
0.37
0.644
0.338
0.26
0.689
0.368
0.58
0.735
0.321
0.3
0.688
0.382
0.61
0.733
0.315
0.963
0.611
0.302
0.5
0.603
0.255
0.953
0.641
0.305
0.984
0.679
0.369
0.20
0.617
0.316
0.988
0.664
0.349
0.62
0.736
0.286
0.955
0.649
0.309
0.12
0.688
0.407
0.73
0.719
0.300
0.27
0.678
0.327
0.12
0.676
0.321
0.997
0.673
0.356
0.29
0.684
0.378
0.69
0.689
0.361
0.30
0.693
0.349
0.40
0.716
0.391
0.53
0.746
0.307
0.983
0.682
0.337
0.32
0.671
0.341
0.17
0.676
0.336
0.21
0.706
0.1
0.1
0.1
0.1
0.1
0.1
0.1
0.1
0.1
0.1
0.1
0.1
0.1
0.1
0.1
0.1
0.1
0.1
0.1
0.1
0.1
0.1
0.1
0.1
0.1
0.1
0.1
0.1
0.1
0.1
0.1
0.1
0.1
0.1
0.1
0.1
0.1
0.1
0.1
0.1
0.1
0.1
0.1
0.1
0.1
0.1
0.1
0.1
0.1
0.1
0.1
0.1
0.1
0.1
0.1
0.1
0.1
0.1
0.1
0.1
0.1
0.1
0.1
0.1
0.1
0.1
0.1
0.1
0.1
0.1
0.1
0.1
0.1
0.1
0.1
0.1
0.1
0.1
0.1
0.1
0.1
0.1
0.1
0.1
0.1
0.1
0.1
0.1
0.1
0.1
0.1
0.1
0.1
0.1
0.1
0.1
0.1
0.1
0.1
0.1
0.1
0.1
0.1
0.1
0.1
0.1
0.1
0.1
0.1
0.1
0.1
0.1
0.1
0.1
0.1
0.1
0.1
0.1
0.1
0.1
0.1
0.1
0.1
0.1
0.1
0.1
0.1
0.1
0.1
0.1
0.1
0.1
0.1
0.1
0.1
0.1
0.1
0.1
0.1
0.1
0.1
0.1
0.1
0.1
0.1
0.1
0.1
0.1
0.1
0.1
0.1
0.1
0.1
0.1
0.1
0.1
0.1
0.1
0.1
0.1
0.1
0.1
0.1
0.1
0.1
0.1
0.1
0.1
0.1
0.1
0.1
0.1
0.1
0.1
0.1
0.1
0.1
0.15
0.1
0.1
0.1
0.1
0.1
0.1
0.1
0.1
0.1
0.1
0.1
0.1
0.1
0.1
0.1
0.1
0.1
0.1
0.1
0.1
0.1
0.1
0.1
0.1
0.1
0.1
0.1
0.1
0.1
0.1
0.1
0.1
0.1
0.1
0.1
0.1
0.1
0.1
0.1
0.1
0.1
0.1
0.1
0.9
0.1
0.1
0.1
0.1
0.1
0.1
0.1
0.1
0.1
0.1
0.1
0.1
0.1
0.1
0.1
0.1
0.1
0.1
0.1
0.1
0.1
0.1
0.1
0.1
0.1
0.1
0.1
0.1
0.4
0.1
0.1
0.1
0.1
0.1
0.1
0.1
0.1
0.1
0.1
0.1
0.1
0.1
0.1
0.1
0.1
0.1
0.1
0.1
0.1
0.1
0.1
0.1
0.1
0.1
0.1
0.1
0.1
0.1
0.1
0.1
0.1
0.1
0.1
0.1
0.1
0.1
0.1
0.1
0.1
0.1
0.1
0.1
0.1
0.1
0.1
0.1
0.1
0.1
0.1
0.1
0.1
0.1
0.1
0.1
0.1
0.1
0.1
0.1
0.1
0.1
0.1
0.1
0.1
0.1
0.1
0.1
0.1
0.1
0.1
0.1
0.1
0.1
0.1
0.1
0.1
0.1
0.1
0.1
0.1
0.1
0.1
0.1
0.1
0.1
0.1
0.1
0.1
0.1
0.1
0.1
0.1
0.1
0.1
0.1
0.1
0.1
0.1
0.1
0.1
0.1
0.1
0.1
0.1
0.1
0.1
0.1
0.1
0.1
0.1
0.1
0.1
0.1
0.1
0.1
0.1
0.1
0.1
0.1
0.1
0.1
0.1
0.1
0.1
0.1
0.1
0.1
0.1
0.1
0.1
0.1
0.1
0.1
0.1
0.1
0.1
0.1
0.1
0.1
0.1
0.1
0.1
0.1
0.1
0.1
0.1
0.1
0.1
0.1
0.1
0.1
0.1
0.1
0.1
0.1
0.1
0.1
0.1
0.1
0.1
0.1
0.1
0.1
0.1
0.1
0.1
0.1
0.1
0.1
0.1
0.1
0.1
0.1
0.1
0.1
0.1
0.1
0.1
0.1
0.1
0.1
0.1
0.1
0.1
0.1
0.1
0.1
0.1
0.1
0.1
0.1
0.1
0.1
0.1
0.1
0.1
0.1
0.1
0.1
0.1
0.1
0.1
0.1
0.1
0.1
0.1
0.1
0.1
0.1
0.1
0.1
0.1
0.1
0.1
0.1
0.1
0.1
0.10
0.1
0.1
0.1
0.1
0.1
0.1
0.1
0.1
0.1
0.1
0.1
0.1
0.1
0.1
0.1
0.1
0.1
0.1
0.1
0.1
0.1
0.1
0.1
0.1
0.1
0.1
0.1
0.1
0.1
0.1
0.1
0.1
0.1
0.11
0.14
0.15
0.16
0.8
0.14
0.12
0.1
0.1
0.1
0.1
0.1
0.1
0.1
