0.576
0.333
0.635
0.407
0.630
0.915
0.63
0.189
0.431
0.713
0.999
0.167
0.471
0.782
0.81
0.151
0.459
0.761
0.56
0.219
0.493
0.799
0.73
0.224
0.514
0.792
0.100
0.272
0.570
0.865
0.154
0.424
0.713
0.15
0.196
0.485
0.727
0.33
0.235
0.536
0.751
0.31
0.183
0.479
0.760
0.46
0.243
0.536
0.802
0.28
0.166
0.468
0.735
0.24
0.206
0.505
0.781
0.62
0.217
0.514
0.783
0.67
0.185
0.475
0.755
0.37
0.195
0.518
0.804
0.82
0.171
0.478
0.759
0.25
0.183
0.477
0.754
0.27
0.194
0.496
0.798
0.78
0.164
0.447
0.749
0.47
0.198
0.499
0.794
0.98
0.254
0.547
0.825
0.98
0.250
0.535
0.795
0.84
0.237
0.550
0.855
0.125
0.417
0.713
0.18
0.190
0.474
0.773
0.81
0.254
0.533
0.495
0.52
0.722
0.332
0.25
0.684
0.286
0.984
0.689
0.274
0.970
0.672
0.366
0.34
0.675
0.285
0.953
0.622
0.318
0.37
0.696
0.314
0.24
0.710
0.301
0.1
0.628
0.309
0.983
0.675
0.369
0.67
0.736
0.335
0.39
0.704
0.273
0.983
0.693
0.281
0.966
0.659
0.325
0.3
0.641
0.354
0.61
0.739
0.338
0.52
0.980
0.922
0.952
0.251
0.489
0.146
0.751
0.332
0.3
0.643
0.309
0.1
0.681
0.364
0.62
0.744
0.287
0.949
0.620
0.295
0.966
0.616
0.321
0.20
0.685
0.361
0.45
0.740
0.320
0.1000
0.631
0.289
0.954
0.627
0.342
0.33
0.674
0.342
0.34
0.679
0.347
0.40
0.698
0.263
0.910
0.592
0.270
0.915
0.586
0.287
0.980
0.649
0.341
0.22
0.691
0.276
0.949
0.645
0.272
0.911
0.607
0.308
0.995
0.642
0.318
0.2
0.656
0.316
0.16
0.676
0.347
0.8
0.699
0.292
0.956
0.625
0.331
0.26
0.689
0.289
0.985
0.685
0.290
0.973
0.670
0.356
0.11
0.670
0.352
0.25
0.657
0.334
0.38
0.685
0.270
0.951
0.656
0.303
0.997
0.681
0.359
0.18
0.691
0.298
0.963
0.641
0.334
0.24
0.686
0.333
0.15
0.670
0.355
0.30
0.684
0.344
0.21
0.648
0.335
0.25
0.648
0.312
0.990
0.684
0.265
0.929
0.594
0.284
0.973
0.641
0.354
0.43
0.682
0.356
0.57
0.701
0.288
0.979
0.674
0.339
0.7
0.675
0.368
0.58
0.698
0.298
0.986
0.666
0.358
0.51
0.722
0.303
0.976
0.669
0.347
0.25
0.684
0.282
0.965
0.618
0.311
0.984
0.624
0.291
0.3
0.662
0.338
0.11
0.672
0.363
0.9
0.659
0.355
0.42
0.691
0.272
0.982
0.660
0.347
0.20
0.700
0.287
0.955
0.629
0.319
0.987
0.623
0.302
0.3
0.671
0.353
0.34
0.691
0.271
0.912
0.594
0.285
0.966
0.640
0.340
0.33
0.653
0.308
0.983
0.665
0.319
0.10
0.688
0.286
0.956
0.642
0.352
0.29
0.653
0.349
0.999
0.654
0.327
0.27
0.690
0.285
0.954
0.659
0.354
0.37
0.688
0.287
0.986
0.651
0.335
0.34
0.698
0.265
0.952
0.648
0.321
0.969
0.661
0.349
0.34
0.668
0.349
0.40
0.700
0.284
0.991
0.672
0.346
0.15
0.711
0.291
0.959
0.633
0.329
0.6
0.656
0.335
0.43
0.688
0.353
0.6
0.690
0.284
0.962
0.629
0.350
0.32
0.682
0.378
0.56
0.683
0.289
0.975
0.656
0.298
0.974
0.651
0.329
0.979
0.96
0.475
0.101
0.784
0.346
0.996
0.603
0.156
0.797
0.294
0.947
0.517
0.146
0.805
0.385
0.63
0.708
0.288
0.963
0.644
0.281
0.936
0.590
0.226
0.909
0.554
0.246
0.937
0.608
0.269
0.933
0.42
0.702
0.361
0.59
0.726
0.422
0.127
0.798
0.495
0.187
0.850
0.542
0.234
0.911
0.612
0.319
0.16
0.670
0.354
0.50
0.699
0.390
0.88
0.733
0.443
0.139
0.804
0.509
0.204
0.863
0.552
0.240
0.909
0.610
0.292
0.959
0.637
0.326
0.953
0.645
0.332
0.23
0.687
0.366
0.71
0.737
0.435
0.128
0.788
0.487
0.179
0.842
0.522
0.229
0.911
0.612
0.311
0.967
0.659
0.363
0.49
0.715
0.405
0.105
0.780
0.481
0.173
0.840
0.529
0.226
0.902
0.568
0.272
0.926
0.624
0.320
0.20
0.681
0.365
0.28
0.702
0.417
0.130
0.807
0.506
0.186
0.857
0.545
0.234
0.903
0.594
0.288
0.953
0.637
0.334
0.35
0.670
0.354
0.43
0.670
0.356
0.56
0.716
0.389
0.78
0.736
0.424
0.97
0.751
0.421
0.113
0.794
0.483
0.178
0.846
0.517
0.210
0.876
0.566
0.216
0.832
0.531
0.231
0.899
0.584
0.261
0.913
0.612
0.312
0.967
0.667
0.361
0.64
0.713
0.406
0.91
0.724
0.430
0.130
0.802
0.493
0.192
0.866
0.561
0.252
0.902
0.590
0.287
0.946
0.648
0.352
0.66
0.724
0.422
0.101
0.768
0.467
0.153
0.830
0.544
0.236
0.889
0.575
0.277
0.923
0.619
0.311
0.964
0.664
0.369
0.79
0.749
0.441
0.144
0.806
0.466
0.161
0.842
0.545
0.254
0.903
0.610
0.303
0.954
0.638
0.330
0.21
0.692
0.408
0.105
0.781
0.484
0.182
0.836
0.530
0.216
0.898
0.593
0.290
0.949
0.641
0.340
0.27
0.686
0.381
0.76
0.749
0.460
0.163
0.844
0.545
0.486
0.767
0.713
0.309
0.973
0.681
0.386
0.59
0.709
0.385
0.85
0.740
0.412
0.105
0.749
0.428
0.110
0.778
0.401
0.95
0.756
0.606
0.166
0.834
0.532
0.226
0.895
0.586
0.286
0.934
0.616
0.310
0.956
0.660
0.354
0.57
0.698
0.404
0.91
0.743
0.426
0.95
0.749
0.427
0.121
0.795
0.485
0.176
0.844
0.533
0.200
0.868
0.570
0.272
0.931
0.631
0.333
0.20
0.676
0.366
0.45
0.704
0.395
0.96
0.765
0.460
0.164
0.828
0.525
0.218
0.880
0.564
0.261
0.917
0.623
0.325
0.19
0.676
0.365
0.45
0.704
0.402
0.94
0.764
0.454
0.158
0.831
0.534
0.223
0.890
0.577
0.274
0.935
0.633
0.331
0.18
0.651
0.342
0.28
0.697
0.391
0.90
0.755
0.461
0.166
0.834
0.522
0.209
0.872
0.546
0.235
0.913
0.617
0.308
0.957
0.660
0.352
0.43
0.687
0.382
0.74
0.745
0.445
0.144
0.822
0.522
0.217
0.875
0.544
0.236
0.906
0.606
0.313
0.969
0.661
0.357
0.969
0.666
0.363
0.61
0.740
0.441
0.129
0.795
0.490
0.180
0.854
0.548
0.243
0.904
0.600
0.303
0.942
0.646
0.342
0.31
0.696
0.383
0.76
0.744
0.451
0.153
0.822
0.505
0.202
0.852
0.540
0.242
0.896
0.582
0.291
0.947
0.645
0.346
0.47
0.688
0.385
0.72
0.740
0.441
0.136
0.817
0.519
0.212
0.871
0.543
0.232
0.896
0.595
0.299
0.582
0.283
0.944
0.643
0.327
0.15
0.651
0.341
0.40
0.707
0.409
0.117
0.779
0.465
0.153
0.815
0.504
0.202
0.884
0.584
0.297
0.946
0.643
0.333
0.26
0.689
0.380
0.82
0.750
0.450
0.144
0.818
0.487
0.175
0.844
0.544
0.234
0.906
0.608
0.314
0.966
0.648
0.340
0.27
0.694
0.384
0.80
0.743
0.430
0.125
0.794
0.483
0.163
0.824
0.519
0.212
0.885
0.588
0.293
0.944
0.633
0.321
0.10
0.667
0.364
0.60
0.705
0.406
0.101
0.773
0.421
0.121
0.768
0.455
0.150
0.824
0.522
0.203
0.876
0.583
0.267
0.910
0.605
0.304
0.943
0.622
0.264
0.914
0.618
0.312
0.961
0.659
0.350
0.34
0.676
0.375
0.72
0.747
0.435
0.123
0.716
0.389
0.82
0.752
0.456
0.158
0.842
0.538
0.591
0.232
0.902
0.587
0.279
0.933
0.635
0.347
0.55
0.725
0.353
0.44
0.608
0.295
0.944
0.636
0.335
0.43
0.709
0.402
