0.484879
0.492885
0.493867
0.493679
0.493762
0.494328
0.494315
0.494650
0.487568
0.494640
0.484890
0.495966
0.498174
0.498057
0.498073
0.497756
0.498066
0.498080
0.498087
0.498071
0.498075
0.498134
0.497109
0.497501
0.497477
0.492584
0.489871
0.492881
0.495896
0.490999
0.487798
0.490411
0.495703
0.494061
0.479782
0.494889
0.493073
0.484956
0.480738
0.494415
0.496807
0.497647
0.497481
0.498042
0.498073
0.498066
0.498086
0.498189
0.497684
0.497675
0.498089
0.497921
0.498082
0.498001
0.498140
0.497983
0.498051
0.498115
0.498103
0.498114
0.498097
0.498175
0.496677
0.497703
0.498091
0.498225
0.498236
0.498339
0.498117
0.498245
0.498242
0.498241
0.498233
0.498240
0.498310
0.498138
0.498225
0.498230
0.498261
0.498251
0.498251
0.498332
0.498046
0.498229
0.498240
0.498235
0.498232
0.498315
0.498179
0.498210
0.498254
0.498239
0.498247
0.498246
0.498300
0.498207
0.497824
0.498206
0.498246
0.498222
0.498223
0.498324
0.498074
0.498249
0.498234
0.498176
0.498234
0.498297
0.498200
0.498238
0.498210
0.498270
0.498271
0.498247
0.498334
0.498207
0.498235
0.498240
0.498232
0.498241
0.498228
0.498301
0.498189
0.498255
0.498269
0.498256
0.498232
0.498329
0.498209
0.497912
0.498228
0.498213
0.498223
0.498261
0.498336
0.498197
0.498255
0.498242
0.498244
0.498243
0.498246
0.498321
0.498182
0.498217
0.498258
0.498265
0.498253
0.498333
0.498209
0.498241
0.498207
0.498230
0.498229
0.498228
0.498316
0.498232
0.498242
0.498265
0.498245
0.498238
0.498234
0.498325
0.498211
0.498220
0.498236
0.498263
0.498242
0.498342
0.498231
0.498228
0.498237
0.498237
0.498242
0.498243
0.498307
0.498177
0.498212
0.498253
0.498254
0.498242
0.498250
0.498327
0.498210
0.498245
0.498122
0.498224
0.497143
0.498257
0.498045
0.498252
0.498254
0.498246
0.498247
0.498251
0.498322
0.498070
0.498229
0.498216
0.498252
0.498264
0.498250
0.498323
0.498193
0.498228
0.498245
0.498245
0.498239
0.498316
0.498181
0.498220
0.498250
0.498256
0.498267
0.498259
0.498327
0.498176
0.498241
0.498210
0.498237
0.498216
0.498269
0.498350
0.498216
0.498144
0.498243
0.498247
0.498246
0.498301
0.498185
0.498209
0.498230
0.498229
0.498260
0.498262
0.498347
0.498221
0.498239
0.498247
0.498222
0.498236
0.498238
0.498305
0.498249
0.498256
0.498252
0.498242
0.498233
0.498340
0.498159
0.498220
0.498247
0.498241
0.498228
0.498218
0.498335
0.498045
0.498234
0.498250
0.498227
0.498244
0.498231
0.498296
0.498198
0.498224
0.498245
0.498246
0.498257
0.498323
0.498207
0.498224
0.498203
0.498235
0.498232
0.498240
0.498302
0.498228
0.498254
0.498265
0.498248
0.498252
0.498238
0.498321
0.498176
0.498215
0.498225
0.498222
0.498238
0.498320
0.498195
0.498246
0.498248
0.498238
0.498231
0.498246
0.498305
0.498188
0.498232
0.498229
0.498268
0.498258
0.498262
0.498334
0.498189
0.498229
0.498232
0.498232
0.498239
0.498297
0.498227
0.498266
0.498242
0.498241
0.498231
0.498236
0.498323
0.498203
0.498223
0.498241
0.498216
0.498266
0.498252
0.498329
0.498239
0.498212
0.498236
0.498245
0.498241
0.498313
0.498203
0.498206
0.498268
0.498266
0.498243
0.498247
0.498330
0.498210
0.498229
0.498239
0.498235
0.498234
0.498231
0.498345
0.498224
0.498238
0.498264
0.498256
0.498248
0.498326
0.498217
0.498222
0.498215
0.498260
0.498265
0.498253
0.498336
0.498216
0.498233
0.498238
0.498230
0.498228
0.498226
0.498296
0.498198
0.498253
0.498248
0.498247
0.498254
0.498329
0.498223
0.498227
0.498238
0.498230
0.498238
0.498268
0.498351
0.498233
0.498246
0.498237
0.498250
0.498238
0.498247
0.498313
0.489608
0.498235
0.498267
0.497857
0.498250
0.498322
0.498169
0.498236
0.498227
0.498250
0.498203
0.498235
0.498310
0.498218
0.498265
0.498249
0.498243
0.498252
0.498240
0.498325
0.498095
0.498217
0.498224
0.498236
0.498250
0.498344
0.498220
0.498243
0.498273
0.498244
0.498227
0.498232
0.498323
0.498204
0.498226
0.498246
0.498243
0.498259
0.498267
0.498344
0.498220
0.498228
0.498240
0.498237
0.498239
0.498321
0.498244
0.498244
0.498246
0.498267
0.498268
0.498251
0.498327
0.498185
0.498240
0.498232
0.498216
0.498251
0.498269
0.498354
0.498237
0.498232
0.498246
0.498251
0.498246
0.498307
0.498200
0.498234
0.498266
0.498267
0.498251
0.498250
0.498353
0.498190
0.497793
0.498226
0.498231
0.498210
0.498225
0.498333
0.498207
0.498260
0.498250
0.498246
0.498253
0.498337
0.498204
0.498225
0.498227
0.498217
0.498261
0.498259
0.498330
0.498219
0.498246
0.498251
0.498230
0.498219
0.498213
0.498320
0.498204
0.498255
0.498243
0.498256
0.498241
0.498323
0.498219
0.498235
0.498238
0.498235
0.498226
0.498275
0.498360
0.498242
0.498224
0.498241
0.498258
0.498232
0.498239
0.485833
0.496668
0.497297
0.498079
0.498114
0.498123
0.498221
0.497911
0.498136
0.498145
0.498121
0.498124
0.498133
0.498229
0.498066
0.498157
0.498140
0.498162
0.498144
0.498144
0.498250
0.498013
0.498117
0.498128
0.498134
0.498166
0.498252
0.498038
0.498226
0.498252
0.498244
0.498232
0.498236
0.498314
0.498173
0.498223
0.498270
0.498269
0.498261
0.498113
0.497994
0.498025
0.490306
0.497523
0.492539
0.490120
0.494296
0.497196
0.490816
0.495513
0.487128
0.492733
0.496945
0.490620
0.496277
0.489319
0.479938
0.493926
0.496817
0.493688
0.477754
0.496424
0.497743
0.497174
0.498130
0.498251
0.498250
0.490933
0.498230
0.498279
0.498278
0.498276
0.498014
0.498325
0.497449
0.498190
0.498256
0.498250
0.498172
0.498226
0.498349
0.498115
0.498256
0.498270
0.498269
0.498255
0.498325
0.497763
0.498247
0.498238
0.498131
0.498276
0.498263
0.498346
0.490759
0.497732
0.498260
0.498252
0.498260
0.498233
0.498309
0.498209
0.498261
0.498262
0.498258
0.498237
0.498331
0.497964
0.498238
0.498256
0.498239
0.498243
0.498290
0.480204
0.498199
0.492830
0.498250
0.498272
0.498256
0.498254
0.498330
0.498200
0.498249
0.498284
0.498250
0.498276
0.498346
0.498226
0.498078
0.498248
0.498259
0.498252
0.497435
0.498263
0.498046
0.498269
0.498279
0.498243
0.498259
0.498267
0.498318
0.498210
0.498231
0.498239
0.498215
0.498222
0.498336
0.498215
0.498257
0.498256
0.498259
0.498237
0.498236
0.498314
0.497853
0.498201
0.498280
0.498282
0.498267
0.498257
0.498345
0.498107
0.498168
0.498252
0.498253
0.497979
0.498307
0.493817
0.498256
0.498241
0.498270
0.498247
0.498257
0.498339
0.498183
0.498251
0.498218
0.498239
0.498277
0.498282
0.498345
0.498245
0.498248
0.498260
0.498260
0.498246
0.498314
0.498210
0.498240
0.498250
0.498274
0.498265
0.498257
0.498347
0.498233
0.498255
0.498257
0.498246
0.498235
0.498245
0.498362
0.498217
0.498262
0.498253
0.498263
0.498262
0.498323
0.498192
0.498246
0.498236
0.498249
0.498285
0.498290
0.498352
0.498230
0.498268
0.498255
0.498222
0.498247
0.498247
0.498325
0.498210
0.498267
0.498285
0.498262
0.498255
0.498343
0.498200
0.498245
0.498259
0.498252
0.498253
0.498250
0.498231
0.498244
0.498254
0.498263
0.498275
0.497597
0.498224
0.498301
0.498206
0.498237
0.498230
0.498277
0.498278
0.498329
0.498233
0.498259
0.498260
0.498262
0.498093
0.498242
0.498331
0.498214
0.498273
0.498287
0.498261
0.498275
0.498261
0.498324
0.498196
0.498254
0.498250
0.498251
0.498233
0.498340
0.498215
0.498261
0.498278
0.498255
0.498259
0.498255
0.498326
0.498228
0.498241
0.498244
0.498285
0.498262
0.498263
0.498338
0.498052
0.498255
0.498245
0.498254
0.498233
0.498326
0.498182
0.498279
0.498273
0.498286
0.498264
0.498264
0.498337
0.498224
0.498257
0.498243
0.498248
0.498214
0.498287
0.498341
0.498237
0.498254
0.498250
0.498263
0.498028
0.498175
0.498213
0.498236
0.498225
0.498265
0.498263
0.498263
0.498348
0.498084
0.498248
0.498240
0.498257
0.498245
0.498238
0.498340
0.498229
0.498270
0.498271
0.498265
0.498248
0.498326
0.498220
0.498247
0.498245
0.498225
0.498275
0.498283
0.498362
0.498253
0.498247
0.498251
0.498241
0.498250
0.498247
0.498320
0.498220
0.498283
0.498280
0.498263
0.498267
0.498331
0.498228
0.498252
0.498257
0.498253
0.498252
0.498254
0.498310
0.498247
0.498262
0.498259
0.498274
0.498247
0.498248
0.498321
0.498227
0.498213
0.498233
0.498284
0.498289
0.498351
0.498242
0.498262
0.498235
0.498248
0.498251
0.498238
0.498324
0.498211
0.498266
0.498278
0.498272
0.498270
0.498267
0.498339
0.498227
0.498242
0.498255
0.498233
0.498248
0.498365
0.498219
0.498269
0.498259
0.498269
0.498254
0.498247
0.498330
0.492503
0.498250
0.498242
0.498283
0.498258
0.498267
0.498348
0.498238
0.498263
0.498249
0.498245
0.498253
0.498310
0.498220
0.498237
0.498280
0.497788
0.498244
0.498247
0.498328
0.498201
0.498248
0.498255
0.498256
0.498243
0.498284
0.498351
0.498243
0.498263
0.498270
0.498254
0.498232
0.498332
0.498216
0.498227
0.498238
0.498267
0.498276
0.498257
0.498333
0.498205
0.498261
0.498246
0.498243
0.498239
0.498237
0.498331
0.498169
0.498278
0.498273
0.498268
0.498258
0.498333
0.498208
0.498238
0.498247
0.498252
0.498239
0.498264
0.498353
0.498213
0.498258
0.498263
0.498226
0.498235
0.498246
0.498322
0.498210
0.498277
0.498283
0.498280
0.498279
0.498354
0.498245
0.498235
0.498255
0.498249
0.498243
0.498248
0.498320
0.498254
0.498268
0.498280
0.498275
0.498251
0.498258
0.498337
0.498233
0.498242
0.498246
0.498250
0.498281
0.498354
0.498239
0.498250
0.498242
0.498259
0.498255
0.498256
0.498322
0.498216
0.498233
0.498277
0.498268
0.498270
